100 52 13.493 1239 241.290 100
120 53 14.211 1674 290.767 120
144 60 15.780 1674 335.708 144
172 65 16.751 2434 391.953 172
206 68 17.823 2434 422.655 206
247 75 18.649 4276 478.186 247
296 79 20.640 4276 533.284 296
355 86 21.894 4658 601.101 355
426 90 22.868 7151 657.620 426
511 95 23.325 7151 712.159 511
613 104 26.061 8350 781.214 613
735 119 27.807 8884 852.639 735
882 120 28.740 10217 923.237 882
1058 125 29.796 12884 1002.078 1058
1269 139 32.318 16163 1097.706 1269
1522 152 33.559 19761 1170.916 1522
1826 150 34.843 23743 1244.942 1826
2191 144 36.732 30791 1342.170 2191
2629 166 38.615 35011 1444.507 2629
3154 169 40.443 43350 1516.192 3154
3784 177 42.235 52029 1616.021 3784
4540 179 44.476 63172 1711.698 4540
5448 199 46.520 80006 1827.281 5448
6537 206 47.713 97775 1916.831 6537
7844 224 49.114 112451 2022.144 7844
9412 217 52.497 141289 2153.347 9412
11294 219 54.350 169393 2261.136 11294
13552 247 55.552 215052 2380.979 13552
16262 250 58.103 251803 2508.083 16262
19514 272 60.689 315645 2647.064 19514
23416 273 63.405 379874 2752.453 23416
28099 281 63.580 471203 2873.452 28099
33718 288 68.745 560339 3009.631 33718
40461 327 71.337 702666 3152.824 40461
48553 316 71.355 839053 3258.463 48553
58263 331 73.387 999181 3388.059 58263
69915 340 78.805 1246242 3542.946 69915
83898 337 81.817 1490631 3680.826 83898
