100 82 18.134 1725 529.300 100
120 80 18.357 2500 500.708 120
144 94 20.995 2500 575.146 144
172 102 21.023 3461 579.122 172
206 94 22.091 4025 633.277 206
247 114 23.718 4025 680.409 247
296 123 25.153 4511 721.889 296
355 137 26.444 6262 736.462 355
426 143 27.878 6262 754.343 426
511 148 29.725 6262 793.182 511
613 183 32.042 13320 859.361 613
735 205 32.703 13320 891.110 735
882 181 34.637 13320 917.160 882
1058 202 36.431 13320 950.660 1058
1269 229 38.695 13724 995.084 1269
1522 228 38.826 18320 1003.456 1522
1826 251 41.239 18320 1036.911 1826
2191 277 43.403 18320 1084.230 2191
2629 290 46.286 24417 1123.081 2629
3154 324 50.796 28257 1188.205 3154
3784 326 52.251 45858 1225.524 3784
4540 331 54.683 45858 1289.183 4540
5448 353 54.569 83683 1350.078 5448
6537 401 56.424 83683 1390.819 6537
7844 396 60.288 83683 1461.719 7844
9412 407 58.952 157840 1520.172 9412
11294 435 61.604 157840 1545.784 11294
13552 438 64.313 157840 1600.327 13552
16262 536 68.437 185268 1670.578 16262
19514 497 66.947 295171 1693.152 19514
23416 523 70.527 295171 1740.660 23416
28099 509 73.883 295171 1810.270 28099
33718 574 74.916 556013 1853.563 33718
40461 576 78.290 556013 1867.022 40461
48553 569 80.246 556013 1917.355 48553
58263 629 84.466 683523 1995.767 58263
69915 661 91.555 683523 2055.954 69915
83898 716 94.612 1310611 2146.398 83898
