100 55 13.359 1112 102.430 100
120 58 13.832 1261 108.227 120
144 63 14.400 1261 112.041 144
172 73 14.955 1261 118.299 172
206 78 15.580 2098 126.894 206
247 87 16.223 2098 135.297 247
296 94 16.889 2363 143.942 296
355 104 17.599 3368 154.331 355
426 113 18.286 3368 165.697 426
511 115 18.909 3368 176.790 511
613 119 19.599 5913 187.939 613
735 139 20.316 5913 199.365 735
882 143 21.001 10528 213.125 882
1058 143 21.660 10528 225.214 1058
1269 161 22.362 10528 238.112 1269
1522 172 23.089 21088 253.426 1522
1826 185 23.856 21088 268.341 1826
2191 194 24.597 21088 283.794 2191
2629 197 25.388 32877 300.042 2629
3154 232 26.218 32877 315.402 3154
3784 250 27.060 32877 331.424 3784
4540 250 27.825 57477 348.958 4540
5448 256 28.613 57477 366.477 5448
6537 275 29.396 57562 384.735 6537
7844 283 30.218 101241 404.062 7844
9412 291 31.066 101241 424.404 9412
11294 299 31.940 101241 444.824 11294
13552 313 32.836 177815 466.203 13552
16262 344 33.793 177815 487.885 16262
19514 358 34.737 308954 512.081 19514
23416 381 35.725 308954 535.098 23416
28099 398 36.656 308954 559.218 28099
33718 398 37.609 537123 584.583 33718
40461 408 38.575 537123 608.895 40461
48553 441 39.505 537123 634.155 48553
58263 448 40.481 936107 661.067 58263
69915 465 41.519 936107 687.781 69915
83898 480 42.583 936107 715.150 83898
