100 59 14.529 142 31.300 100
120 60 15.039 86 31.500 120
144 62 16.926 359 40.243 144
172 71 18.150 127 46.308 172
206 76 20.132 352 49.379 206
247 84 21.553 373 48.304 247
296 96 22.110 329 43.720 296
355 119 26.070 191 53.746 355
426 101 26.821 201 54.085 426
511 141 29.494 162 58.873 511
613 128 31.836 216 66.349 613
735 136 32.636 435 76.657 735
882 161 34.828 389 66.902 882
1058 159 38.389 367 79.394 1058
1269 178 41.124 504 84.233 1269
1522 169 42.142 434 90.143 1522
1826 168 38.489 6228 77.823 1826
2191 222 45.982 430 92.027 2191
2629 197 49.602 1111 116.333 2629
3154 223 53.387 453 98.400 3154
3784 242 54.947 572 113.664 3784
4540 245 55.204 4630 108.984 4540
5448 278 61.093 1293 126.010 5448
6537 295 66.163 816 141.518 6537
7844 334 72.682 1739 133.235 7844
9412 296 67.739 1698 124.732 9412
11294 347 78.023 1272 136.149 11294
13552 334 78.792 8822 162.299 13552
16262 423 88.704 1275 162.304 16262
19514 341 82.857 2159 156.856 19514
23416 435 95.815 1788 170.815 23416
28099 357 92.246 1793 181.230 28099
33718 419 97.730 6468 172.298 33718
40461 383 100.113 3246 184.033 40461
48553 497 102.876 7066 201.486 48553
58263 511 110.490 2235 196.762 58263
69915 452 106.054 5138 178.096 69915
83898 536 120.259 3655 201.767 83898
