100 60 13.344 644 125.750 100
120 58 13.924 790 134.350 120
144 61 15.382 1079 142.528 144
172 69 15.935 1716 155.390 172
206 81 17.648 2151 165.403 206
247 76 19.065 1665 191.644 247
296 93 20.220 2649 190.236 296
355 94 21.950 2371 198.437 355
426 94 23.368 4027 220.977 426
511 101 24.152 4411 238.634 511
613 107 26.182 5486 242.285 613
735 117 28.108 3337 272.050 735
882 124 29.871 8333 273.003 882
1058 132 30.798 3520 278.179 1058
1269 133 33.195 11006 287.008 1269
1522 147 35.228 4816 307.844 1522
1826 150 36.094 4226 314.298 1826
2191 164 39.016 8492 326.048 2191
2629 167 40.491 6614 348.030 2629
3154 178 43.161 16138 367.951 3154
3784 178 44.156 17956 365.043 3784
4540 195 47.419 5296 382.278 4540
5448 196 49.149 24244 398.188 5448
6537 212 51.922 48215 417.001 6537
7844 204 54.521 18150 418.996 7844
9412 228 56.280 21027 430.404 9412
11294 236 60.013 40057 455.583 11294
13552 250 61.419 31442 461.292 13552
16262 247 64.286 44122 472.937 16262
19514 273 67.581 18994 485.980 19514
23416 266 69.592 35381 514.125 23416
28099 316 72.844 30817 516.050 28099
33718 289 75.148 36342 523.026 33718
40461 331 78.975 73883 537.696 40461
48553 310 80.209 76171 567.268 48553
58263 348 84.404 606784 571.724 58263
69915 352 87.297 124978 579.479 69915
83898 378 92.263 99970 595.554 83898
