100 58 13.769 169 33.700 100
120 58 14.182 169 35.232 120
144 64 14.643 1003 38.291 144
172 71 15.062 1003 38.950 172
206 77 15.740 1003 41.447 206
247 78 16.406 1329 42.831 247
296 90 17.057 1329 44.131 296
355 99 17.764 1329 45.488 355
426 99 18.421 1329 47.911 426
511 104 19.115 1329 49.611 511
613 119 19.869 1329 52.343 613
735 119 20.601 1329 54.576 735
882 133 21.424 1329 56.730 882
1058 138 22.205 1329 59.061 1058
1269 144 23.035 1329 61.736 1269
1522 163 23.892 1329 64.392 1522
1826 169 24.714 1329 67.112 1826
2191 169 25.580 1329 70.140 2191
2629 178 26.460 1329 73.302 2629
3154 185 27.360 6550 76.340 3154
3784 207 28.244 6550 79.483 3784
4540 207 29.228 6550 82.777 4540
5448 227 30.192 6550 86.232 5448
6537 233 31.187 6550 89.651 6537
7844 240 32.230 6550 93.241 7844
9412 243 33.221 6800 96.796 9412
11294 248 34.278 6800 100.473 11294
13552 293 35.358 10188 104.650 13552
16262 293 36.466 10188 108.649 16262
19514 335 37.570 10188 112.737 19514
23416 335 38.717 10188 116.668 23416
28099 336 39.868 10188 120.893 28099
33718 336 41.031 11642 125.184 33718
40461 345 42.239 11642 129.424 40461
48553 352 43.397 11642 133.798 48553
58263 379 44.614 11642 138.240 58263
69915 399 45.867 11642 142.875 69915
83898 410 47.165 11642 147.565 83898
